i    t    ke
   1   1.000000E-02   9.999989E-01
   2   2.000000E-02   9.996992E-01
   3   3.000000E-02   9.995690E-01
   4   4.000000E-02   9.994276E-01
   5   5.000000E-02   9.993023E-01
   6   6.000000E-02   9.992040E-01
   7   7.000000E-02   9.990901E-01
   8   8.000000E-02   9.989279E-01
   9   9.000000E-02   9.988093E-01
  10   9.999999E-02   9.986335E-01
  11   1.100000E-01   9.985195E-01
  12   1.200000E-01   9.983801E-01
  13   1.300000E-01   9.982502E-01
  14   1.400000E-01   9.981558E-01
  15   1.500000E-01   9.980072E-01
  16   1.600000E-01   9.978572E-01
  17   1.700000E-01   9.977632E-01
  18   1.800000E-01   9.976721E-01
  19   1.900000E-01   9.974869E-01
  20   2.000000E-01   9.973452E-01
  21   2.100000E-01   9.971956E-01
  22   2.200000E-01   9.970952E-01
  23   2.300000E-01   9.969284E-01
  24   2.400000E-01   9.968116E-01
  25   2.500000E-01   9.966916E-01
  26   2.600000E-01   9.965511E-01
  27   2.700000E-01   9.963773E-01
  28   2.800000E-01   9.962547E-01
  29   2.900000E-01   9.961380E-01
  30   3.000000E-01   9.959804E-01
  31   3.100000E-01   9.958669E-01
  32   3.200000E-01   9.957480E-01
  33   3.300000E-01   9.956337E-01
  34   3.400000E-01   9.955294E-01
  35   3.500000E-01   9.953644E-01
  36   3.600000E-01   9.952382E-01
  37   3.700000E-01   9.951198E-01
  38   3.800000E-01   9.950000E-01
  39   3.900000E-01   9.948882E-01
  40   4.000000E-01   9.947112E-01
  41   4.100000E-01   9.945753E-01
  42   4.200000E-01   9.944396E-01
  43   4.300000E-01   9.943042E-01
  44   4.400000E-01   9.941317E-01
  45   4.500000E-01   9.939908E-01
  46   4.600000E-01   9.938592E-01
  47   4.700000E-01   9.937913E-01
  48   4.800000E-01   9.936678E-01
  49   4.900000E-01   9.934907E-01
  50   5.000000E-01   9.933047E-01
  51   5.100000E-01   9.932067E-01
  52   5.200000E-01   9.930475E-01
  53   5.300000E-01   9.929197E-01
  54   5.400000E-01   9.927434E-01
  55   5.500000E-01   9.925514E-01
  56   5.600000E-01   9.924354E-01
  57   5.700000E-01   9.922854E-01
  58   5.800000E-01   9.921580E-01
  59   5.900000E-01   9.920161E-01
  60   6.000000E-01   9.918910E-01
  61   6.100000E-01   9.917558E-01
  62   6.200000E-01   9.916306E-01
  63   6.300000E-01   9.915031E-01
  64   6.400000E-01   9.914154E-01
  65   6.500000E-01   9.912397E-01
  66   6.600000E-01   9.910496E-01
  67   6.700000E-01   9.909105E-01
  68   6.800000E-01   9.907718E-01
  69   6.900000E-01   9.906337E-01
  70   7.000000E-01   9.905544E-01
  71   7.100000E-01   9.903995E-01
  72   7.200000E-01   9.903040E-01
  73   7.300000E-01   9.901575E-01
  74   7.400000E-01   9.900312E-01
  75   7.500000E-01   9.898716E-01
  76   7.600000E-01   9.897144E-01
  77   7.700000E-01   9.895857E-01
  78   7.800000E-01   9.894655E-01
  79   7.900000E-01   9.893576E-01
  80   8.000000E-01   9.891889E-01
  81   8.100000E-01   9.889969E-01
  82   8.200000E-01   9.889538E-01
  83   8.300000E-01   9.888455E-01
  84   8.400000E-01   9.886812E-01
  85   8.500000E-01   9.886063E-01
  86   8.600000E-01   9.885089E-01
  87   8.700000E-01   9.882699E-01
  88   8.800000E-01   9.882017E-01
  89   8.900000E-01   9.881369E-01
  90   9.000000E-01   9.880544E-01
  91   9.100000E-01   9.879422E-01
  92   9.200000E-01   9.878438E-01
  93   9.300000E-01   9.876618E-01
  94   9.400000E-01   9.874828E-01
  95   9.500000E-01   9.872933E-01
  96   9.600000E-01   9.870442E-01
  97   9.700000E-01   9.869220E-01
  98   9.800000E-01   9.868090E-01
  99   9.899999E-01   9.867078E-01
 100   1.000000E+00   9.865806E-01
 101   1.010000E+00   9.863821E-01
 102   1.020000E+00   9.862989E-01
 103   1.030000E+00   9.861453E-01
 104   1.040000E+00   9.858617E-01
 105   1.050000E+00   9.857326E-01
 106   1.060000E+00   9.855767E-01
 107   1.070000E+00   9.854867E-01
 108   1.080000E+00   9.853829E-01
 109   1.090000E+00   9.852072E-01
 110   1.100000E+00   9.850488E-01
 111   1.110000E+00   9.848071E-01
 112   1.120000E+00   9.846333E-01
 113   1.130000E+00   9.844264E-01
 114   1.140000E+00   9.842135E-01
 115   1.150000E+00   9.840482E-01
 116   1.160000E+00   9.839013E-01
 117   1.170000E+00   9.837115E-01
 118   1.180000E+00   9.836031E-01
 119   1.190000E+00   9.833575E-01
 120   1.200000E+00   9.833014E-01
 121   1.210000E+00   9.831693E-01
 122   1.220000E+00   9.829735E-01
 123   1.230000E+00   9.828803E-01
 124   1.240000E+00   9.827119E-01
 125   1.250000E+00   9.824920E-01
 126   1.260000E+00   9.823158E-01
 127   1.270000E+00   9.821860E-01
 128   1.280000E+00   9.819701E-01
 129   1.290000E+00   9.817280E-01
 130   1.300000E+00   9.815316E-01
 131   1.310000E+00   9.813281E-01
 132   1.320000E+00   9.811677E-01
 133   1.330000E+00   9.809936E-01
 134   1.340000E+00   9.808298E-01
 135   1.350000E+00   9.806441E-01
 136   1.360000E+00   9.804337E-01
 137   1.370000E+00   9.802839E-01
 138   1.380000E+00   9.801999E-01
 139   1.390000E+00   9.799604E-01
 140   1.400000E+00   9.797792E-01
 141   1.410000E+00   9.796036E-01
 142   1.420000E+00   9.793674E-01
 143   1.430000E+00   9.791729E-01
 144   1.440000E+00   9.789955E-01
 145   1.450000E+00   9.788365E-01
 146   1.460000E+00   9.786378E-01
 147   1.470000E+00   9.785379E-01
 148   1.480000E+00   9.782436E-01
 149   1.490000E+00   9.779733E-01
 150   1.500000E+00   9.778103E-01
 151   1.510000E+00   9.775897E-01
 152   1.520000E+00   9.773539E-01
 153   1.530000E+00   9.770947E-01
 154   1.540000E+00   9.768813E-01
 155   1.550000E+00   9.767173E-01
 156   1.560000E+00   9.765849E-01
 157   1.570000E+00   9.763448E-01
 158   1.580000E+00   9.761775E-01
 159   1.590000E+00   9.760352E-01
 160   1.600000E+00   9.758555E-01
 161   1.610000E+00   9.756548E-01
 162   1.620000E+00   9.754356E-01
 163   1.630000E+00   9.752354E-01
 164   1.640000E+00   9.749998E-01
 165   1.650000E+00   9.747913E-01
 166   1.660000E+00   9.745767E-01
 167   1.670000E+00   9.743112E-01
 168   1.680000E+00   9.740523E-01
 169   1.690000E+00   9.738880E-01
 170   1.700000E+00   9.736864E-01
 171   1.710000E+00   9.734825E-01
 172   1.720000E+00   9.732900E-01
 173   1.730000E+00   9.729913E-01
 174   1.740000E+00   9.727992E-01
 175   1.750000E+00   9.725847E-01
 176   1.760000E+00   9.723943E-01
 177   1.770000E+00   9.722525E-01
 178   1.780000E+00   9.721201E-01
 179   1.790000E+00   9.717954E-01
 180   1.800000E+00   9.715294E-01
 181   1.810000E+00   9.712278E-01
 182   1.820000E+00   9.710491E-01
 183   1.830000E+00   9.707382E-01
 184   1.840000E+00   9.705931E-01
 185   1.850000E+00   9.702830E-01
 186   1.860000E+00   9.701096E-01
 187   1.870000E+00   9.698929E-01
 188   1.880000E+00   9.697550E-01
 189   1.890000E+00   9.695050E-01
 190   1.900000E+00   9.692144E-01
 191   1.910000E+00   9.690125E-01
 192   1.920000E+00   9.688724E-01
 193   1.930000E+00   9.686837E-01
 194   1.940000E+00   9.684106E-01
 195   1.950000E+00   9.681415E-01
 196   1.960000E+00   9.678374E-01
 197   1.970000E+00   9.675921E-01
 198   1.980000E+00   9.674157E-01
 199   1.990000E+00   9.671324E-01
 200   2.000000E+00   9.668952E-01
 201   2.010000E+00   9.665436E-01
 202   2.020000E+00   9.663001E-01
 203   2.030000E+00   9.661480E-01
 204   2.040000E+00   9.658570E-01
 205   2.050000E+00   9.655766E-01
 206   2.060000E+00   9.653007E-01
 207   2.070000E+00   9.650211E-01
 208   2.080000E+00   9.648180E-01
 209   2.090000E+00   9.644784E-01
 210   2.100000E+00   9.642066E-01
 211   2.110000E+00   9.639558E-01
 212   2.120000E+00   9.637591E-01
 213   2.130000E+00   9.634445E-01
 214   2.140000E+00   9.632577E-01
 215   2.150000E+00   9.630732E-01
 216   2.160000E+00   9.629115E-01
 217   2.170000E+00   9.627036E-01
 218   2.180000E+00   9.624487E-01
 219   2.190000E+00   9.621864E-01
 220   2.200000E+00   9.618935E-01
 221   2.210000E+00   9.616269E-01
 222   2.220000E+00   9.613317E-01
 223   2.230000E+00   9.611118E-01
 224   2.240000E+00   9.607941E-01
 225   2.250000E+00   9.604838E-01
 226   2.260000E+00   9.601455E-01
 227   2.270000E+00   9.599507E-01
 228   2.280000E+00   9.596499E-01
 229   2.290000E+00   9.594365E-01
 230   2.300000E+00   9.591770E-01
 231   2.310000E+00   9.587826E-01
 232   2.320000E+00   9.584997E-01
 233   2.330000E+00   9.582829E-01
 234   2.340000E+00   9.579616E-01
 235   2.350000E+00   9.578008E-01
 236   2.360000E+00   9.574769E-01
 237   2.370000E+00   9.571185E-01
 238   2.380000E+00   9.568464E-01
 239   2.390000E+00   9.564892E-01
 240   2.400000E+00   9.562834E-01
 241   2.410000E+00   9.560014E-01
 242   2.420000E+00   9.556355E-01
 243   2.430000E+00   9.554426E-01
 244   2.440000E+00   9.550540E-01
 245   2.450000E+00   9.547661E-01
 246   2.460000E+00   9.544938E-01
 247   2.470000E+00   9.541919E-01
 248   2.480000E+00   9.538983E-01
 249   2.490000E+00   9.536743E-01
 250   2.500000E+00   9.533998E-01
 251   2.510000E+00   9.529979E-01
 252   2.520000E+00   9.526476E-01
 253   2.530000E+00   9.522920E-01
 254   2.540000E+00   9.518791E-01
 255   2.550000E+00   9.515867E-01
 256   2.560000E+00   9.512280E-01
 257   2.570000E+00   9.509293E-01
 258   2.580000E+00   9.506111E-01
 259   2.590000E+00   9.503253E-01
 260   2.600000E+00   9.500700E-01
 261   2.610000E+00   9.498515E-01
 262   2.620000E+00   9.496464E-01
 263   2.630000E+00   9.492776E-01
 264   2.640000E+00   9.489409E-01
 265   2.650000E+00   9.485591E-01
 266   2.660000E+00   9.482719E-01
 267   2.670000E+00   9.478908E-01
 268   2.680000E+00   9.475082E-01
 269   2.690000E+00   9.470557E-01
 270   2.700000E+00   9.466432E-01
 271   2.710000E+00   9.462569E-01
 272   2.720000E+00   9.459014E-01
 273   2.730000E+00   9.456769E-01
 274   2.740000E+00   9.453540E-01
 275   2.750000E+00   9.450337E-01
 276   2.760000E+00   9.446742E-01
 277   2.770000E+00   9.443950E-01
 278   2.780000E+00   9.440895E-01
 279   2.790000E+00   9.437275E-01
 280   2.800000E+00   9.434221E-01
 281   2.810000E+00   9.430134E-01
 282   2.820000E+00   9.427632E-01
 283   2.830000E+00   9.424861E-01
 284   2.840000E+00   9.420357E-01
 285   2.850000E+00   9.416507E-01
 286   2.860000E+00   9.412210E-01
 287   2.870000E+00   9.408342E-01
 288   2.880000E+00   9.404460E-01
 289   2.890000E+00   9.400211E-01
 290   2.900000E+00   9.397455E-01
 291   2.910000E+00   9.393777E-01
 292   2.920000E+00   9.390217E-01
 293   2.930000E+00   9.386654E-01
 294   2.940000E+00   9.382449E-01
 295   2.950000E+00   9.377979E-01
 296   2.960000E+00   9.374741E-01
 297   2.970000E+00   9.370713E-01
 298   2.980000E+00   9.367072E-01
 299   2.990000E+00   9.364038E-01
 300   3.000000E+00   9.359956E-01
 301   3.010000E+00   9.356098E-01
 302   3.020000E+00   9.351677E-01
 303   3.030000E+00   9.347211E-01
 304   3.040000E+00   9.342592E-01
 305   3.050000E+00   9.339405E-01
 306   3.060000E+00   9.335107E-01
 307   3.070000E+00   9.330930E-01
 308   3.080000E+00   9.327276E-01
 309   3.090000E+00   9.322767E-01
 310   3.100000E+00   9.318478E-01
 311   3.110000E+00   9.314131E-01
 312   3.120000E+00   9.310250E-01
 313   3.130000E+00   9.306011E-01
 314   3.140000E+00   9.303148E-01
 315   3.150000E+00   9.298988E-01
 316   3.160000E+00   9.294114E-01
 317   3.170000E+00   9.290825E-01
 318   3.180000E+00   9.287812E-01
 319   3.190000E+00   9.283363E-01
 320   3.200000E+00   9.279535E-01
 321   3.210000E+00   9.274980E-01
 322   3.220000E+00   9.271922E-01
 323   3.230000E+00   9.267573E-01
 324   3.240000E+00   9.263850E-01
 325   3.250000E+00   9.260026E-01
 326   3.260000E+00   9.256899E-01
 327   3.270000E+00   9.252897E-01
 328   3.280000E+00   9.247574E-01
 329   3.290000E+00   9.244549E-01
 330   3.300000E+00   9.240503E-01
 331   3.310000E+00   9.235393E-01
 332   3.320000E+00   9.231223E-01
 333   3.330000E+00   9.226326E-01
 334   3.340000E+00   9.221497E-01
 335   3.350000E+00   9.217125E-01
 336   3.360000E+00   9.211884E-01
 337   3.370000E+00   9.207218E-01
 338   3.380000E+00   9.202480E-01
 339   3.390000E+00   9.197978E-01
 340   3.400000E+00   9.193824E-01
 341   3.410000E+00   9.189405E-01
 342   3.420000E+00   9.184948E-01
 343   3.430000E+00   9.179934E-01
 344   3.440000E+00   9.175195E-01
 345   3.450000E+00   9.170163E-01
 346   3.460000E+00   9.166561E-01
 347   3.470000E+00   9.161905E-01
 348   3.480000E+00   9.157268E-01
 349   3.490000E+00   9.152427E-01
 350   3.500000E+00   9.147103E-01
 351   3.510000E+00   9.142711E-01
 352   3.520000E+00   9.138293E-01
 353   3.530000E+00   9.133172E-01
 354   3.540000E+00   9.128422E-01
 355   3.550000E+00   9.123592E-01
 356   3.560000E+00   9.118450E-01
 357   3.570000E+00   9.113510E-01
 358   3.580000E+00   9.108942E-01
 359   3.590000E+00   9.103994E-01
 360   3.600000E+00   9.098697E-01
 361   3.610000E+00   9.094174E-01
 362   3.620000E+00   9.089476E-01
 363   3.630000E+00   9.085154E-01
 364   3.640000E+00   9.080462E-01
 365   3.650000E+00   9.074560E-01
 366   3.660000E+00   9.069843E-01
 367   3.670000E+00   9.064370E-01
 368   3.680000E+00   9.059790E-01
 369   3.690000E+00   9.054615E-01
 370   3.700000E+00   9.050013E-01
 371   3.710000E+00   9.043703E-01
 372   3.720000E+00   9.038969E-01
 373   3.730000E+00   9.034398E-01
 374   3.740000E+00   9.029015E-01
 375   3.750000E+00   9.023807E-01
 376   3.760000E+00   9.019338E-01
 377   3.770000E+00   9.014000E-01
 378   3.780000E+00   9.009039E-01
 379   3.790000E+00   9.003388E-01
 380   3.800000E+00   8.997349E-01
 381   3.810000E+00   8.992106E-01
 382   3.820000E+00   8.986339E-01
 383   3.830000E+00   8.981377E-01
 384   3.840000E+00   8.976364E-01
 385   3.850000E+00   8.970534E-01
 386   3.860000E+00   8.964252E-01
 387   3.870000E+00   8.958071E-01
 388   3.880000E+00   8.953294E-01
 389   3.890000E+00   8.947753E-01
 390   3.900000E+00   8.942448E-01
 391   3.910000E+00   8.936910E-01
 392   3.920000E+00   8.932286E-01
 393   3.930000E+00   8.927021E-01
 394   3.940000E+00   8.921412E-01
 395   3.950000E+00   8.915813E-01
 396   3.960000E+00   8.910405E-01
 397   3.970000E+00   8.904302E-01
 398   3.980000E+00   8.898283E-01
 399   3.990000E+00   8.892748E-01
 400   4.000000E+00   8.887830E-01
 401   4.010000E+00   8.881941E-01
 402   4.020000E+00   8.876180E-01
 403   4.030000E+00   8.870301E-01
 404   4.040000E+00   8.864613E-01
 405   4.050000E+00   8.859177E-01
 406   4.060000E+00   8.853069E-01
 407   4.070000E+00   8.847334E-01
 408   4.080000E+00   8.840427E-01
 409   4.090000E+00   8.834462E-01
 410   4.100000E+00   8.828288E-01
 411   4.110000E+00   8.822049E-01
 412   4.120000E+00   8.816246E-01
 413   4.130000E+00   8.810377E-01
 414   4.140000E+00   8.804065E-01
 415   4.150000E+00   8.798327E-01
 416   4.160000E+00   8.792533E-01
 417   4.170000E+00   8.786749E-01
 418   4.180000E+00   8.780426E-01
 419   4.190000E+00   8.773702E-01
 420   4.200000E+00   8.767416E-01
 421   4.210000E+00   8.761281E-01
 422   4.220000E+00   8.754840E-01
 423   4.230000E+00   8.749114E-01
 424   4.240000E+00   8.743177E-01
 425   4.250000E+00   8.737106E-01
 426   4.260000E+00   8.730552E-01
 427   4.270000E+00   8.724406E-01
 428   4.280000E+00   8.718330E-01
 429   4.290000E+00   8.712301E-01
 430   4.300000E+00   8.705924E-01
 431   4.310000E+00   8.699356E-01
 432   4.320000E+00   8.691827E-01
 433   4.330000E+00   8.685398E-01
 434   4.340000E+00   8.677915E-01
 435   4.350000E+00   8.671704E-01
 436   4.360000E+00   8.665262E-01
 437   4.370000E+00   8.658406E-01
 438   4.380000E+00   8.650643E-01
 439   4.390000E+00   8.644507E-01
 440   4.400000E+00   8.637799E-01
 441   4.410000E+00   8.631536E-01
 442   4.420000E+00   8.625379E-01
 443   4.430000E+00   8.618954E-01
 444   4.440000E+00   8.612625E-01
 445   4.450000E+00   8.606281E-01
 446   4.460000E+00   8.599310E-01
 447   4.470000E+00   8.592783E-01
 448   4.480000E+00   8.586016E-01
 449   4.490000E+00   8.579264E-01
 450   4.500000E+00   8.572865E-01
 451   4.510000E+00   8.565904E-01
 452   4.520000E+00   8.558700E-01
 453   4.530000E+00   8.551174E-01
 454   4.540000E+00   8.543906E-01
 455   4.550000E+00   8.537706E-01
 456   4.560000E+00   8.529912E-01
 457   4.570000E+00   8.522624E-01
 458   4.580000E+00   8.516194E-01
 459   4.590000E+00   8.508001E-01
 460   4.600000E+00   8.501429E-01
 461   4.610000E+00   8.493586E-01
 462   4.620000E+00   8.485810E-01
 463   4.630000E+00   8.478576E-01
 464   4.640000E+00   8.472114E-01
 465   4.650000E+00   8.464131E-01
 466   4.660000E+00   8.456743E-01
 467   4.670000E+00   8.449042E-01
 468   4.680000E+00   8.441769E-01
 469   4.690000E+00   8.434380E-01
 470   4.700000E+00   8.427294E-01
 471   4.710000E+00   8.419994E-01
 472   4.720000E+00   8.412112E-01
 473   4.730000E+00   8.404722E-01
 474   4.740000E+00   8.396831E-01
 475   4.750000E+00   8.389745E-01
 476   4.760000E+00   8.382072E-01
 477   4.770000E+00   8.374040E-01
 478   4.780000E+00   8.366048E-01
 479   4.790000E+00   8.358413E-01
 480   4.800000E+00   8.351341E-01
 481   4.810000E+00   8.344315E-01
 482   4.820000E+00   8.336210E-01
 483   4.830000E+00   8.328341E-01
 484   4.840000E+00   8.320479E-01
 485   4.850000E+00   8.313358E-01
 486   4.860000E+00   8.305439E-01
 487   4.870000E+00   8.298252E-01
 488   4.880000E+00   8.290363E-01
 489   4.890000E+00   8.282752E-01
 490   4.900000E+00   8.274787E-01
 491   4.910000E+00   8.267421E-01
 492   4.920000E+00   8.259032E-01
 493   4.930000E+00   8.250470E-01
 494   4.940000E+00   8.242476E-01
 495   4.950000E+00   8.233844E-01
 496   4.960000E+00   8.225405E-01
 497   4.970000E+00   8.217182E-01
 498   4.980000E+00   8.208812E-01
 499   4.990000E+00   8.200583E-01
 500   5.000000E+00   8.191969E-01
 501   5.010000E+00   8.184170E-01
 502   5.020000E+00   8.175818E-01
 503   5.030000E+00   8.167403E-01
 504   5.040000E+00   8.158608E-01
 505   5.050000E+00   8.150555E-01
 506   5.060000E+00   8.141503E-01
 507   5.070000E+00   8.132768E-01
 508   5.080000E+00   8.124414E-01
 509   5.090000E+00   8.115665E-01
 510   5.100000E+00   8.106667E-01
 511   5.110000E+00   8.098625E-01
 512   5.120000E+00   8.089895E-01
 513   5.130000E+00   8.081593E-01
 514   5.140000E+00   8.073395E-01
 515   5.150000E+00   8.064615E-01
 516   5.160000E+00   8.055761E-01
 517   5.170000E+00   8.047419E-01
 518   5.180000E+00   8.039447E-01
 519   5.190000E+00   8.031309E-01
 520   5.200000E+00   8.023840E-01
 521   5.210000E+00   8.014594E-01
 522   5.220000E+00   8.005303E-01
 523   5.230000E+00   7.997087E-01
 524   5.240000E+00   7.988662E-01
 525   5.250000E+00   7.979344E-01
 526   5.260000E+00   7.971138E-01
 527   5.270000E+00   7.961550E-01
 528   5.280000E+00   7.952882E-01
 529   5.290000E+00   7.943897E-01
 530   5.300000E+00   7.935167E-01
 531   5.310000E+00   7.926720E-01
 532   5.320000E+00   7.917053E-01
 533   5.330000E+00   7.907693E-01
 534   5.340000E+00   7.898417E-01
 535   5.350000E+00   7.889457E-01
 536   5.360000E+00   7.880188E-01
 537   5.370000E+00   7.871431E-01
 538   5.380000E+00   7.863083E-01
 539   5.390000E+00   7.854649E-01
 540   5.400000E+00   7.845923E-01
 541   5.410000E+00   7.836676E-01
 542   5.420000E+00   7.826657E-01
 543   5.430000E+00   7.817534E-01
 544   5.440000E+00   7.808204E-01
 545   5.450000E+00   7.798935E-01
 546   5.460000E+00   7.789581E-01
 547   5.470000E+00   7.780533E-01
 548   5.480000E+00   7.771953E-01
 549   5.490000E+00   7.763157E-01
 550   5.500000E+00   7.754036E-01
 551   5.510000E+00   7.744843E-01
 552   5.520000E+00   7.735752E-01
 553   5.530000E+00   7.726595E-01
 554   5.540000E+00   7.717819E-01
 555   5.550000E+00   7.709057E-01
 556   5.560000E+00   7.699407E-01
 557   5.570000E+00   7.689795E-01
 558   5.580000E+00   7.680063E-01
 559   5.590000E+00   7.670963E-01
 560   5.600000E+00   7.661057E-01
 561   5.610000E+00   7.651693E-01
 562   5.620000E+00   7.642252E-01
 563   5.630000E+00   7.633843E-01
 564   5.640000E+00   7.624125E-01
 565   5.650000E+00   7.614672E-01
 566   5.660000E+00   7.605301E-01
 567   5.670000E+00   7.595635E-01
 568   5.680000E+00   7.585942E-01
 569   5.690000E+00   7.576554E-01
 570   5.700000E+00   7.567084E-01
 571   5.710000E+00   7.557586E-01
 572   5.720000E+00   7.548129E-01
 573   5.730000E+00   7.538494E-01
 574   5.740000E+00   7.529290E-01
 575   5.750000E+00   7.519832E-01
 576   5.760000E+00   7.510478E-01
 577   5.770000E+00   7.501312E-01
 578   5.780000E+00   7.492296E-01
 579   5.790000E+00   7.482906E-01
 580   5.800000E+00   7.473350E-01
 581   5.810000E+00   7.464187E-01
 582   5.820000E+00   7.454967E-01
 583   5.830000E+00   7.445610E-01
 584   5.840000E+00   7.436186E-01
 585   5.850000E+00   7.426690E-01
 586   5.860000E+00   7.416647E-01
 587   5.870000E+00   7.406471E-01
 588   5.880000E+00   7.397441E-01
 589   5.890000E+00   7.387424E-01
 590   5.900000E+00   7.378275E-01
 591   5.910000E+00   7.368736E-01
 592   5.920000E+00   7.359228E-01
 593   5.930000E+00   7.349732E-01
 594   5.940000E+00   7.340727E-01
 595   5.950000E+00   7.331434E-01
 596   5.960000E+00   7.321297E-01
 597   5.970000E+00   7.311742E-01
 598   5.980000E+00   7.302670E-01
 599   5.990000E+00   7.293108E-01
 600   6.000000E+00   7.283494E-01
 601   6.010000E+00   7.273819E-01
 602   6.020000E+00   7.263888E-01
 603   6.030000E+00   7.253965E-01
 604   6.040000E+00   7.244126E-01
 605   6.050000E+00   7.234449E-01
 606   6.060000E+00   7.225006E-01
 607   6.070000E+00   7.214704E-01
 608   6.080000E+00   7.205434E-01
 609   6.090000E+00   7.196395E-01
 610   6.100000E+00   7.186842E-01
 611   6.110000E+00   7.176808E-01
 612   6.120000E+00   7.167400E-01
 613   6.130000E+00   7.157791E-01
 614   6.140000E+00   7.148598E-01
 615   6.150000E+00   7.138259E-01
 616   6.160000E+00   7.128100E-01
 617   6.170000E+00   7.118570E-01
 618   6.180000E+00   7.109211E-01
 619   6.190000E+00   7.099275E-01
 620   6.200000E+00   7.089598E-01
 621   6.210000E+00   7.079946E-01
 622   6.220000E+00   7.070401E-01
 623   6.230000E+00   7.060366E-01
 624   6.240000E+00   7.051395E-01
 625   6.250000E+00   7.041663E-01
 626   6.260000E+00   7.032722E-01
 627   6.270000E+00   7.022726E-01
 628   6.280000E+00   7.013315E-01
 629   6.290000E+00   7.003982E-01
 630   6.300000E+00   6.994645E-01
 631   6.310000E+00   6.984839E-01
 632   6.320000E+00   6.974826E-01
 633   6.330000E+00   6.965452E-01
 634   6.340000E+00   6.955619E-01
 635   6.350000E+00   6.945938E-01
 636   6.360000E+00   6.936797E-01
 637   6.370000E+00   6.927109E-01
 638   6.380000E+00   6.918433E-01
 639   6.390000E+00   6.909149E-01
 640   6.400000E+00   6.899751E-01
 641   6.410000E+00   6.889738E-01
 642   6.420000E+00   6.879530E-01
 643   6.430000E+00   6.869991E-01
 644   6.440000E+00   6.860070E-01
 645   6.450000E+00   6.850131E-01
 646   6.460000E+00   6.840382E-01
 647   6.470000E+00   6.831085E-01
 648   6.480000E+00   6.821439E-01
 649   6.490000E+00   6.811727E-01
 650   6.500000E+00   6.802477E-01
 651   6.510000E+00   6.792654E-01
 652   6.520000E+00   6.782873E-01
 653   6.530000E+00   6.773076E-01
 654   6.540000E+00   6.762812E-01
 655   6.550000E+00   6.753784E-01
 656   6.560000E+00   6.744335E-01
 657   6.570000E+00   6.734826E-01
 658   6.580000E+00   6.725464E-01
 659   6.590000E+00   6.716257E-01
 660   6.600000E+00   6.707085E-01
 661   6.610000E+00   6.696866E-01
 662   6.620000E+00   6.687101E-01
 663   6.630000E+00   6.677521E-01
 664   6.640000E+00   6.667515E-01
 665   6.650000E+00   6.658099E-01
 666   6.660000E+00   6.648314E-01
 667   6.670000E+00   6.638426E-01
 668   6.680000E+00   6.628633E-01
 669   6.690000E+00   6.619382E-01
 670   6.700000E+00   6.610240E-01
 671   6.710000E+00   6.601228E-01
 672   6.720000E+00   6.592314E-01
 673   6.730000E+00   6.582732E-01
 674   6.740000E+00   6.572917E-01
 675   6.750000E+00   6.563567E-01
 676   6.760000E+00   6.554275E-01
 677   6.770000E+00   6.544240E-01
 678   6.780000E+00   6.535261E-01
 679   6.790000E+00   6.525735E-01
 680   6.800000E+00   6.516027E-01
 681   6.810000E+00   6.506472E-01
 682   6.820000E+00   6.496789E-01
 683   6.830000E+00   6.487055E-01
 684   6.840000E+00   6.477397E-01
 685   6.850000E+00   6.468440E-01
 686   6.860000E+00   6.458985E-01
 687   6.870000E+00   6.449519E-01
 688   6.880000E+00   6.440220E-01
 689   6.890000E+00   6.431053E-01
 690   6.900000E+00   6.421701E-01
 691   6.910000E+00   6.412485E-01
 692   6.920000E+00   6.402989E-01
 693   6.930000E+00   6.393276E-01
 694   6.940000E+00   6.383953E-01
 695   6.950000E+00   6.374404E-01
 696   6.960000E+00   6.364608E-01
 697   6.970000E+00   6.355562E-01
 698   6.980000E+00   6.346498E-01
 699   6.990000E+00   6.337180E-01
 700   7.000000E+00   6.327931E-01
 701   7.010000E+00   6.318847E-01
 702   7.020000E+00   6.309587E-01
 703   7.030000E+00   6.300331E-01
 704   7.040000E+00   6.290911E-01
 705   7.050000E+00   6.281428E-01
 706   7.060000E+00   6.272078E-01
 707   7.070000E+00   6.262690E-01
 708   7.080000E+00   6.253595E-01
 709   7.090000E+00   6.244242E-01
 710   7.100000E+00   6.235315E-01
 711   7.110000E+00   6.226075E-01
 712   7.120000E+00   6.216493E-01
 713   7.130000E+00   6.207184E-01
 714   7.140000E+00   6.198014E-01
 715   7.150000E+00   6.189179E-01
 716   7.160000E+00   6.179905E-01
 717   7.170000E+00   6.170991E-01
 718   7.180000E+00   6.162237E-01
 719   7.190000E+00   6.152706E-01
 720   7.200000E+00   6.143477E-01
 721   7.210000E+00   6.134658E-01
 722   7.220000E+00   6.125155E-01
 723   7.230000E+00   6.115615E-01
 724   7.240000E+00   6.106276E-01
 725   7.250000E+00   6.097406E-01
 726   7.260000E+00   6.088026E-01
 727   7.270000E+00   6.078804E-01
 728   7.280000E+00   6.069974E-01
 729   7.290000E+00   6.060777E-01
 730   7.300000E+00   6.051514E-01
 731   7.310000E+00   6.042746E-01
 732   7.320000E+00   6.034286E-01
 733   7.330000E+00   6.025006E-01
 734   7.340000E+00   6.016318E-01
 735   7.350000E+00   6.007138E-01
 736   7.360000E+00   5.997845E-01
 737   7.370000E+00   5.988660E-01
 738   7.380000E+00   5.979569E-01
 739   7.390000E+00   5.970349E-01
 740   7.400000E+00   5.960893E-01
 741   7.410000E+00   5.952166E-01
 742   7.420000E+00   5.943246E-01
 743   7.430000E+00   5.934513E-01
 744   7.440000E+00   5.925774E-01
 745   7.450000E+00   5.916110E-01
 746   7.460000E+00   5.907191E-01
 747   7.470000E+00   5.897941E-01
 748   7.480000E+00   5.888647E-01
 749   7.490000E+00   5.880072E-01
 750   7.500000E+00   5.871347E-01
 751   7.510000E+00   5.862392E-01
 752   7.520000E+00   5.853426E-01
 753   7.530000E+00   5.844276E-01
 754   7.540000E+00   5.835525E-01
 755   7.550000E+00   5.826845E-01
 756   7.560000E+00   5.818793E-01
 757   7.570000E+00   5.809584E-01
 758   7.580000E+00   5.800939E-01
 759   7.590000E+00   5.792114E-01
 760   7.600000E+00   5.783332E-01
 761   7.610000E+00   5.774194E-01
 762   7.620000E+00   5.765629E-01
 763   7.630000E+00   5.756721E-01
 764   7.640000E+00   5.747763E-01
 765   7.650000E+00   5.739322E-01
 766   7.660000E+00   5.730517E-01
 767   7.670000E+00   5.721550E-01
 768   7.680000E+00   5.713142E-01
 769   7.690000E+00   5.704175E-01
 770   7.700000E+00   5.695306E-01
 771   7.710000E+00   5.686701E-01
 772   7.720000E+00   5.677963E-01
 773   7.730000E+00   5.669398E-01
 774   7.740000E+00   5.660190E-01
 775   7.750000E+00   5.651520E-01
 776   7.760000E+00   5.642939E-01
 777   7.770000E+00   5.634307E-01
 778   7.780000E+00   5.625714E-01
 779   7.790000E+00   5.617142E-01
 780   7.800000E+00   5.608552E-01
 781   7.810000E+00   5.600117E-01
 782   7.820000E+00   5.591329E-01
 783   7.830000E+00   5.582746E-01
 784   7.840000E+00   5.574607E-01
 785   7.850000E+00   5.565876E-01
 786   7.860000E+00   5.557086E-01
 787   7.870000E+00   5.548341E-01
 788   7.880000E+00   5.539914E-01
 789   7.890000E+00   5.530883E-01
 790   7.900000E+00   5.521996E-01
 791   7.910000E+00   5.513674E-01
 792   7.920000E+00   5.505173E-01
 793   7.930000E+00   5.496509E-01
 794   7.940000E+00   5.487722E-01
 795   7.950000E+00   5.479298E-01
 796   7.960000E+00   5.471118E-01
 797   7.970000E+00   5.462447E-01
 798   7.980000E+00   5.453665E-01
 799   7.990000E+00   5.445150E-01
 800   8.000000E+00   5.436951E-01
 801   8.010000E+00   5.428470E-01
 802   8.020000E+00   5.419948E-01
 803   8.030000E+00   5.411423E-01
 804   8.040000E+00   5.402752E-01
 805   8.050000E+00   5.394418E-01
 806   8.059999E+00   5.385667E-01
 807   8.070000E+00   5.377114E-01
 808   8.080000E+00   5.368496E-01
 809   8.090000E+00   5.359918E-01
 810   8.099999E+00   5.351461E-01
 811   8.110000E+00   5.343013E-01
 812   8.120000E+00   5.334634E-01
 813   8.130000E+00   5.325480E-01
 814   8.139999E+00   5.317332E-01
 815   8.150000E+00   5.309223E-01
 816   8.160000E+00   5.300674E-01
 817   8.170000E+00   5.291870E-01
 818   8.179999E+00   5.283546E-01
 819   8.190000E+00   5.275203E-01
 820   8.200000E+00   5.267186E-01
 821   8.210000E+00   5.258317E-01
 822   8.220000E+00   5.249650E-01
 823   8.230000E+00   5.241361E-01
 824   8.240000E+00   5.233238E-01
 825   8.250000E+00   5.225137E-01
 826   8.260000E+00   5.217045E-01
 827   8.270000E+00   5.208653E-01
 828   8.280000E+00   5.199885E-01
 829   8.290000E+00   5.191749E-01
 830   8.300000E+00   5.183327E-01
 831   8.309999E+00   5.174766E-01
 832   8.320000E+00   5.166193E-01
 833   8.330000E+00   5.157618E-01
 834   8.340000E+00   5.150012E-01
 835   8.349999E+00   5.141857E-01
 836   8.360000E+00   5.132849E-01
 837   8.370000E+00   5.124013E-01
 838   8.380000E+00   5.115212E-01
 839   8.389999E+00   5.106444E-01
 840   8.400000E+00   5.097787E-01
 841   8.410000E+00   5.089053E-01
 842   8.420000E+00   5.079829E-01
 843   8.429999E+00   5.071275E-01
 844   8.440000E+00   5.062633E-01
 845   8.450000E+00   5.054639E-01
 846   8.460000E+00   5.046144E-01
 847   8.470000E+00   5.037169E-01
 848   8.480000E+00   5.028978E-01
 849   8.490000E+00   5.020844E-01
 850   8.500000E+00   5.012470E-01
 851   8.510000E+00   5.003873E-01
 852   8.520000E+00   4.995680E-01
 853   8.530000E+00   4.987813E-01
 854   8.540000E+00   4.979353E-01
 855   8.550000E+00   4.971308E-01
 856   8.559999E+00   4.963091E-01
 857   8.570000E+00   4.955011E-01
 858   8.580000E+00   4.946803E-01
 859   8.590000E+00   4.938725E-01
 860   8.599999E+00   4.930226E-01
 861   8.610000E+00   4.922456E-01
 862   8.620000E+00   4.914376E-01
 863   8.630000E+00   4.906212E-01
 864   8.639999E+00   4.897804E-01
 865   8.650000E+00   4.889251E-01
 866   8.660000E+00   4.880757E-01
 867   8.670000E+00   4.872538E-01
 868   8.679999E+00   4.864388E-01
 869   8.690000E+00   4.856313E-01
 870   8.700000E+00   4.847743E-01
 871   8.710000E+00   4.840135E-01
 872   8.720000E+00   4.831379E-01
 873   8.730000E+00   4.823285E-01
 874   8.740000E+00   4.815339E-01
 875   8.750000E+00   4.807487E-01
 876   8.760000E+00   4.798928E-01
 877   8.770000E+00   4.790578E-01
 878   8.780000E+00   4.782682E-01
 879   8.790000E+00   4.774553E-01
 880   8.800000E+00   4.766344E-01
 881   8.809999E+00   4.758463E-01
 882   8.820000E+00   4.750903E-01
 883   8.830000E+00   4.742800E-01
 884   8.840000E+00   4.735098E-01
 885   8.849999E+00   4.727015E-01
 886   8.860000E+00   4.718985E-01
 887   8.870000E+00   4.711200E-01
 888   8.880000E+00   4.702927E-01
 889   8.889999E+00   4.694292E-01
 890   8.900000E+00   4.686103E-01
 891   8.910000E+00   4.677904E-01
 892   8.920000E+00   4.669133E-01
 893   8.929999E+00   4.661665E-01
 894   8.940000E+00   4.653849E-01
 895   8.950000E+00   4.645548E-01
 896   8.960000E+00   4.637309E-01
 897   8.970000E+00   4.629191E-01
 898   8.980000E+00   4.620810E-01
 899   8.990000E+00   4.612983E-01
 900   9.000000E+00   4.604761E-01
 901   9.010000E+00   4.596688E-01
 902   9.020000E+00   4.588566E-01
 903   9.030000E+00   4.580681E-01
 904   9.040000E+00   4.572441E-01
 905   9.050000E+00   4.564087E-01
 906   9.059999E+00   4.556039E-01
 907   9.070000E+00   4.547605E-01
 908   9.080000E+00   4.540096E-01
 909   9.090000E+00   4.532144E-01
 910   9.099999E+00   4.524094E-01
 911   9.110000E+00   4.516336E-01
 912   9.120000E+00   4.508308E-01
 913   9.130000E+00   4.500438E-01
 914   9.139999E+00   4.492047E-01
 915   9.150000E+00   4.483890E-01
 916   9.160000E+00   4.475963E-01
 917   9.170000E+00   4.468159E-01
 918   9.179999E+00   4.460424E-01
 919   9.190000E+00   4.452405E-01
 920   9.200000E+00   4.444185E-01
 921   9.210000E+00   4.436142E-01
 922   9.220000E+00   4.428724E-01
 923   9.230000E+00   4.420743E-01
 924   9.240000E+00   4.412873E-01
 925   9.250000E+00   4.405458E-01
 926   9.260000E+00   4.397085E-01
 927   9.270000E+00   4.389004E-01
 928   9.280000E+00   4.381054E-01
 929   9.290000E+00   4.372789E-01
 930   9.300000E+00   4.364897E-01
 931   9.309999E+00   4.356870E-01
 932   9.320000E+00   4.349182E-01
 933   9.330000E+00   4.341313E-01
 934   9.340000E+00   4.333208E-01
 935   9.349999E+00   4.325497E-01
 936   9.360000E+00   4.317600E-01
 937   9.370000E+00   4.309199E-01
 938   9.380000E+00   4.301513E-01
 939   9.389999E+00   4.293706E-01
 940   9.400000E+00   4.286176E-01
 941   9.410000E+00   4.278210E-01
 942   9.420000E+00   4.270541E-01
 943   9.429999E+00   4.263043E-01
 944   9.440000E+00   4.255335E-01
 945   9.450000E+00   4.247669E-01
 946   9.460000E+00   4.239800E-01
 947   9.469999E+00   4.231135E-01
 948   9.480000E+00   4.223344E-01
 949   9.490000E+00   4.215800E-01
 950   9.500000E+00   4.207699E-01
 951   9.510000E+00   4.199859E-01
 952   9.520000E+00   4.192341E-01
 953   9.530000E+00   4.184495E-01
 954   9.540000E+00   4.177140E-01
 955   9.550000E+00   4.168963E-01
 956   9.559999E+00   4.161176E-01
 957   9.570000E+00   4.153617E-01
 958   9.580000E+00   4.146093E-01
 959   9.590000E+00   4.138745E-01
 960   9.599999E+00   4.130889E-01
 961   9.610000E+00   4.123393E-01
 962   9.620000E+00   4.115897E-01
 963   9.630000E+00   4.108141E-01
 964   9.639999E+00   4.100174E-01
 965   9.650000E+00   4.092545E-01
 966   9.660000E+00   4.084882E-01
 967   9.670000E+00   4.077779E-01
 968   9.679999E+00   4.070441E-01
 969   9.690000E+00   4.062686E-01
 970   9.700000E+00   4.055142E-01
 971   9.710000E+00   4.047638E-01
 972   9.719999E+00   4.039977E-01
 973   9.730000E+00   4.032350E-01
 974   9.740000E+00   4.024731E-01
 975   9.750000E+00   4.017198E-01
 976   9.760000E+00   4.009936E-01
 977   9.770000E+00   4.002296E-01
 978   9.780000E+00   3.994830E-01
 979   9.790000E+00   3.987599E-01
 980   9.800000E+00   3.980220E-01
 981   9.809999E+00   3.972543E-01
 982   9.820000E+00   3.965386E-01
 983   9.830000E+00   3.957925E-01
 984   9.840000E+00   3.950768E-01
 985   9.849999E+00   3.942792E-01
 986   9.860000E+00   3.935746E-01
 987   9.870000E+00   3.928125E-01
 988   9.880000E+00   3.920746E-01
 989   9.889999E+00   3.913726E-01
 990   9.900000E+00   3.906119E-01
 991   9.910000E+00   3.898775E-01
 992   9.920000E+00   3.891638E-01
 993   9.929999E+00   3.884397E-01
 994   9.940000E+00   3.877075E-01
 995   9.950000E+00   3.869716E-01
 996   9.960000E+00   3.862567E-01
 997   9.969999E+00   3.855062E-01
 998   9.980000E+00   3.847977E-01
 999   9.990000E+00   3.840897E-01
1000   1.000000E+01   3.833411E-01
1001   1.001000E+01   3.826597E-01
1002   1.002000E+01   3.819367E-01
1003   1.003000E+01   3.812316E-01
1004   1.004000E+01   3.805121E-01
1005   1.005000E+01   3.797858E-01
1006   1.006000E+01   3.790799E-01
1007   1.007000E+01   3.783754E-01
1008   1.008000E+01   3.776761E-01
1009   1.009000E+01   3.769681E-01
1010   1.010000E+01   3.762869E-01
1011   1.011000E+01   3.755764E-01
1012   1.012000E+01   3.748870E-01
1013   1.013000E+01   3.741874E-01
1014   1.014000E+01   3.734935E-01
1015   1.015000E+01   3.727917E-01
1016   1.016000E+01   3.720986E-01
1017   1.017000E+01   3.713835E-01
1018   1.018000E+01   3.706731E-01
1019   1.019000E+01   3.699843E-01
1020   1.020000E+01   3.693146E-01
1021   1.021000E+01   3.686514E-01
1022   1.022000E+01   3.679892E-01
1023   1.023000E+01   3.672777E-01
1024   1.024000E+01   3.665821E-01
1025   1.025000E+01   3.659156E-01
1026   1.026000E+01   3.652336E-01
1027   1.027000E+01   3.645426E-01
1028   1.028000E+01   3.638704E-01
1029   1.029000E+01   3.632128E-01
1030   1.030000E+01   3.625397E-01
1031   1.031000E+01   3.618716E-01
1032   1.032000E+01   3.611967E-01
1033   1.033000E+01   3.605207E-01
1034   1.034000E+01   3.598464E-01
1035   1.035000E+01   3.591891E-01
1036   1.036000E+01   3.585188E-01
1037   1.037000E+01   3.578363E-01
1038   1.038000E+01   3.571437E-01
1039   1.039000E+01   3.564931E-01
1040   1.040000E+01   3.558312E-01
1041   1.041000E+01   3.551367E-01
1042   1.042000E+01   3.545194E-01
1043   1.043000E+01   3.538981E-01
1044   1.044000E+01   3.532328E-01
1045   1.045000E+01   3.525772E-01
1046   1.046000E+01   3.519276E-01
1047   1.047000E+01   3.512884E-01
1048   1.048000E+01   3.506387E-01
1049   1.049000E+01   3.499986E-01
1050   1.050000E+01   3.493533E-01
1051   1.051000E+01   3.486763E-01
1052   1.052000E+01   3.480570E-01
1053   1.053000E+01   3.474217E-01
1054   1.054000E+01   3.467680E-01
1055   1.055000E+01   3.461138E-01
1056   1.056000E+01   3.454794E-01
1057   1.057000E+01   3.448440E-01
1058   1.058000E+01   3.442377E-01
1059   1.059000E+01   3.435926E-01
1060   1.060000E+01   3.429420E-01
1061   1.061000E+01   3.423225E-01
1062   1.062000E+01   3.416856E-01
1063   1.063000E+01   3.410421E-01
1064   1.064000E+01   3.404396E-01
1065   1.065000E+01   3.398140E-01
1066   1.066000E+01   3.391830E-01
1067   1.067000E+01   3.385794E-01
1068   1.068000E+01   3.379419E-01
1069   1.069000E+01   3.373198E-01
1070   1.070000E+01   3.366784E-01
1071   1.071000E+01   3.360491E-01
1072   1.072000E+01   3.354216E-01
1073   1.073000E+01   3.347977E-01
1074   1.074000E+01   3.342033E-01
1075   1.075000E+01   3.335853E-01
1076   1.076000E+01   3.329807E-01
1077   1.077000E+01   3.323824E-01
1078   1.078000E+01   3.317815E-01
1079   1.079000E+01   3.311732E-01
1080   1.080000E+01   3.305515E-01
1081   1.081000E+01   3.299517E-01
1082   1.082000E+01   3.293468E-01
1083   1.083000E+01   3.287564E-01
1084   1.084000E+01   3.281412E-01
1085   1.085000E+01   3.275304E-01
1086   1.086000E+01   3.269436E-01
1087   1.087000E+01   3.263612E-01
1088   1.088000E+01   3.257670E-01
1089   1.089000E+01   3.252066E-01
1090   1.090000E+01   3.246132E-01
1091   1.091000E+01   3.240218E-01
1092   1.092000E+01   3.233967E-01
1093   1.093000E+01   3.228320E-01
1094   1.094000E+01   3.222294E-01
1095   1.095000E+01   3.216648E-01
1096   1.096000E+01   3.210700E-01
1097   1.097000E+01   3.204739E-01
1098   1.098000E+01   3.199356E-01
1099   1.099000E+01   3.193538E-01
1100   1.100000E+01   3.188021E-01
1101   1.101000E+01   3.182247E-01
1102   1.102000E+01   3.176695E-01
1103   1.103000E+01   3.170955E-01
1104   1.104000E+01   3.165371E-01
1105   1.105000E+01   3.159624E-01
1106   1.106000E+01   3.154205E-01
1107   1.107000E+01   3.148445E-01
1108   1.108000E+01   3.142860E-01
1109   1.109000E+01   3.137178E-01
1110   1.110000E+01   3.131703E-01
1111   1.111000E+01   3.126069E-01
1112   1.112000E+01   3.120232E-01
1113   1.113000E+01   3.114473E-01
1114   1.114000E+01   3.109121E-01
1115   1.115000E+01   3.103430E-01
1116   1.116000E+01   3.097913E-01
1117   1.117000E+01   3.092284E-01
1118   1.118000E+01   3.086750E-01
1119   1.119000E+01   3.081388E-01
1120   1.120000E+01   3.075719E-01
1121   1.121000E+01   3.070051E-01
1122   1.122000E+01   3.064590E-01
1123   1.123000E+01   3.059190E-01
1124   1.124000E+01   3.053404E-01
1125   1.125000E+01   3.048035E-01
1126   1.126000E+01   3.042474E-01
1127   1.127000E+01   3.037112E-01
1128   1.128000E+01   3.031748E-01
1129   1.129000E+01   3.026490E-01
1130   1.130000E+01   3.020970E-01
1131   1.131000E+01   3.015644E-01
1132   1.132000E+01   3.010221E-01
1133   1.133000E+01   3.004915E-01
1134   1.134000E+01   2.999709E-01
1135   1.135000E+01   2.994662E-01
1136   1.136000E+01   2.989146E-01
1137   1.137000E+01   2.984044E-01
1138   1.138000E+01   2.978409E-01
1139   1.139000E+01   2.972972E-01
1140   1.140000E+01   2.967579E-01
1141   1.141000E+01   2.962452E-01
1142   1.142000E+01   2.957088E-01
1143   1.143000E+01   2.951866E-01
1144   1.144000E+01   2.946708E-01
1145   1.145000E+01   2.941391E-01
1146   1.146000E+01   2.936223E-01
1147   1.147000E+01   2.931089E-01
1148   1.148000E+01   2.925989E-01
1149   1.149000E+01   2.920693E-01
1150   1.150000E+01   2.915533E-01
1151   1.151000E+01   2.910262E-01
1152   1.152000E+01   2.905167E-01
1153   1.153000E+01   2.900250E-01
1154   1.154000E+01   2.894987E-01
1155   1.155000E+01   2.889857E-01
1156   1.156000E+01   2.884560E-01
1157   1.157000E+01   2.879798E-01
1158   1.158000E+01   2.874447E-01
1159   1.159000E+01   2.869310E-01
1160   1.160000E+01   2.864340E-01
1161   1.161000E+01   2.859258E-01
1162   1.162000E+01   2.853832E-01
1163   1.163000E+01   2.848749E-01
1164   1.164000E+01   2.843791E-01
1165   1.165000E+01   2.838785E-01
1166   1.166000E+01   2.833732E-01
1167   1.167000E+01   2.828870E-01
1168   1.168000E+01   2.823706E-01
1169   1.169000E+01   2.818790E-01
1170   1.170000E+01   2.813890E-01
1171   1.171000E+01   2.809010E-01
1172   1.172000E+01   2.804047E-01
1173   1.173000E+01   2.799133E-01
1174   1.174000E+01   2.794282E-01
1175   1.175000E+01   2.789327E-01
1176   1.176000E+01   2.784452E-01
1177   1.177000E+01   2.779622E-01
1178   1.178000E+01   2.774829E-01
1179   1.179000E+01   2.769904E-01
1180   1.180000E+01   2.765326E-01
1181   1.181000E+01   2.760577E-01
1182   1.182000E+01   2.755864E-01
1183   1.183000E+01   2.751188E-01
1184   1.184000E+01   2.746577E-01
1185   1.185000E+01   2.741823E-01
1186   1.186000E+01   2.737075E-01
1187   1.187000E+01   2.732404E-01
1188   1.188000E+01   2.727622E-01
1189   1.189000E+01   2.722992E-01
1190   1.190000E+01   2.718387E-01
1191   1.191000E+01   2.713380E-01
1192   1.192000E+01   2.709003E-01
1193   1.193000E+01   2.704469E-01
1194   1.194000E+01   2.699593E-01
1195   1.195000E+01   2.694998E-01
1196   1.196000E+01   2.690457E-01
1197   1.197000E+01   2.685908E-01
1198   1.198000E+01   2.681137E-01
1199   1.199000E+01   2.676675E-01
1200   1.200000E+01   2.671890E-01
1201   1.201000E+01   2.667319E-01
1202   1.202000E+01   2.662897E-01
1203   1.203000E+01   2.658241E-01
1204   1.204000E+01   2.653617E-01
1205   1.205000E+01   2.649143E-01
1206   1.206000E+01   2.644840E-01
1207   1.207000E+01   2.640414E-01
1208   1.208000E+01   2.636150E-01
1209   1.209000E+01   2.631606E-01
1210   1.210000E+01   2.627005E-01
1211   1.211000E+01   2.622564E-01
1212   1.212000E+01   2.618133E-01
1213   1.213000E+01   2.613676E-01
1214   1.214000E+01   2.609254E-01
1215   1.215000E+01   2.604922E-01
1216   1.216000E+01   2.600487E-01
1217   1.217000E+01   2.596392E-01
1218   1.218000E+01   2.592297E-01
1219   1.219000E+01   2.587823E-01
1220   1.220000E+01   2.583667E-01
1221   1.221000E+01   2.579025E-01
1222   1.222000E+01   2.574572E-01
1223   1.223000E+01   2.570180E-01
1224   1.224000E+01   2.565749E-01
1225   1.225000E+01   2.561591E-01
1226   1.226000E+01   2.557155E-01
1227   1.227000E+01   2.553023E-01
1228   1.228000E+01   2.548890E-01
1229   1.229000E+01   2.545030E-01
1230   1.230000E+01   2.540926E-01
1231   1.231000E+01   2.537121E-01
1232   1.232000E+01   2.533053E-01
1233   1.233000E+01   2.529234E-01
1234   1.234000E+01   2.525200E-01
1235   1.235000E+01   2.521342E-01
1236   1.236000E+01   2.517415E-01
1237   1.237000E+01   2.513431E-01
1238   1.238000E+01   2.509520E-01
1239   1.239000E+01   2.505671E-01
1240   1.240000E+01   2.501711E-01
1241   1.241000E+01   2.497607E-01
1242   1.242000E+01   2.493284E-01
1243   1.243000E+01   2.489390E-01
1244   1.244000E+01   2.485460E-01
1245   1.245000E+01   2.481254E-01
1246   1.246000E+01   2.477261E-01
1247   1.247000E+01   2.473161E-01
1248   1.248000E+01   2.469280E-01
1249   1.249000E+01   2.465335E-01
1250   1.250000E+01   2.461466E-01
1251   1.251000E+01   2.457467E-01
1252   1.252000E+01   2.453631E-01
1253   1.253000E+01   2.449672E-01
1254   1.254000E+01   2.445745E-01
1255   1.255000E+01   2.441837E-01
1256   1.256000E+01   2.437799E-01
1257   1.257000E+01   2.433862E-01
1258   1.258000E+01   2.429877E-01
1259   1.259000E+01   2.425898E-01
1260   1.260000E+01   2.422169E-01
1261   1.261000E+01   2.418306E-01
1262   1.262000E+01   2.414358E-01
1263   1.263000E+01   2.410709E-01
1264   1.264000E+01   2.406870E-01
1265   1.265000E+01   2.403079E-01
1266   1.266000E+01   2.399476E-01
1267   1.267000E+01   2.395644E-01
1268   1.268000E+01   2.391841E-01
1269   1.269000E+01   2.388054E-01
1270   1.270000E+01   2.384330E-01
1271   1.271000E+01   2.380503E-01
1272   1.272000E+01   2.376830E-01
1273   1.273000E+01   2.373277E-01
1274   1.274000E+01   2.369385E-01
1275   1.275000E+01   2.365860E-01
1276   1.276000E+01   2.362378E-01
1277   1.277000E+01   2.358767E-01
1278   1.278000E+01   2.354992E-01
1279   1.279000E+01   2.351416E-01
1280   1.280000E+01   2.347848E-01
1281   1.281000E+01   2.344420E-01
1282   1.282000E+01   2.340759E-01
1283   1.283000E+01   2.337241E-01
1284   1.284000E+01   2.333449E-01
1285   1.285000E+01   2.329861E-01
1286   1.286000E+01   2.326182E-01
1287   1.287000E+01   2.322609E-01
1288   1.288000E+01   2.319251E-01
1289   1.289000E+01   2.315761E-01
1290   1.290000E+01   2.312267E-01
1291   1.291000E+01   2.308529E-01
1292   1.292000E+01   2.305160E-01
1293   1.293000E+01   2.301655E-01
1294   1.294000E+01   2.298188E-01
1295   1.295000E+01   2.294617E-01
1296   1.296000E+01   2.291022E-01
1297   1.297000E+01   2.287559E-01
1298   1.298000E+01   2.284189E-01
1299   1.299000E+01   2.280649E-01
1300   1.300000E+01   2.277362E-01
1301   1.301000E+01   2.273845E-01
1302   1.302000E+01   2.270531E-01
1303   1.303000E+01   2.267312E-01
1304   1.304000E+01   2.263920E-01
1305   1.305000E+01   2.260681E-01
1306   1.306000E+01   2.257347E-01
1307   1.307000E+01   2.253958E-01
1308   1.308000E+01   2.250494E-01
1309   1.309000E+01   2.247294E-01
1310   1.310000E+01   2.243864E-01
1311   1.311000E+01   2.240565E-01
1312   1.312000E+01   2.237506E-01
1313   1.313000E+01   2.234362E-01
1314   1.314000E+01   2.230997E-01
1315   1.315000E+01   2.227626E-01
1316   1.316000E+01   2.224314E-01
1317   1.317000E+01   2.221118E-01
1318   1.318000E+01   2.217818E-01
1319   1.319000E+01   2.214393E-01
1320   1.320000E+01   2.211320E-01
1321   1.321000E+01   2.208117E-01
1322   1.322000E+01   2.204878E-01
1323   1.323000E+01   2.201705E-01
1324   1.324000E+01   2.198542E-01
1325   1.325000E+01   2.195532E-01
1326   1.326000E+01   2.192500E-01
1327   1.327000E+01   2.189628E-01
1328   1.328000E+01   2.186635E-01
1329   1.329000E+01   2.183342E-01
1330   1.330000E+01   2.180208E-01
1331   1.331000E+01   2.177210E-01
1332   1.332000E+01   2.174199E-01
1333   1.333000E+01   2.171223E-01
1334   1.334000E+01   2.168132E-01
1335   1.335000E+01   2.165123E-01
1336   1.336000E+01   2.162155E-01
1337   1.337000E+01   2.158944E-01
1338   1.338000E+01   2.155840E-01
1339   1.339000E+01   2.152904E-01
1340   1.340000E+01   2.149920E-01
1341   1.341000E+01   2.146731E-01
1342   1.342000E+01   2.143757E-01
1343   1.343000E+01   2.140855E-01
1344   1.344000E+01   2.137882E-01
1345   1.345000E+01   2.134849E-01
1346   1.346000E+01   2.131897E-01
1347   1.347000E+01   2.128968E-01
1348   1.348000E+01   2.126013E-01
1349   1.349000E+01   2.123223E-01
1350   1.350000E+01   2.120280E-01
1351   1.351000E+01   2.117328E-01
1352   1.352000E+01   2.114222E-01
1353   1.353000E+01   2.111344E-01
1354   1.354000E+01   2.108520E-01
1355   1.355000E+01   2.105466E-01
1356   1.356000E+01   2.102756E-01
1357   1.357000E+01   2.099878E-01
1358   1.358000E+01   2.097001E-01
1359   1.359000E+01   2.094189E-01
1360   1.360000E+01   2.091283E-01
1361   1.361000E+01   2.088373E-01
1362   1.362000E+01   2.085478E-01
1363   1.363000E+01   2.082653E-01
1364   1.364000E+01   2.079775E-01
1365   1.365000E+01   2.076981E-01
1366   1.366000E+01   2.074257E-01
1367   1.367000E+01   2.071293E-01
1368   1.368000E+01   2.068328E-01
1369   1.369000E+01   2.065690E-01
1370   1.370000E+01   2.062847E-01
1371   1.371000E+01   2.060121E-01
1372   1.372000E+01   2.057451E-01
1373   1.373000E+01   2.054612E-01
1374   1.374000E+01   2.051929E-01
1375   1.375000E+01   2.049233E-01
1376   1.376000E+01   2.046482E-01
1377   1.377000E+01   2.043803E-01
1378   1.378000E+01   2.040911E-01
1379   1.379000E+01   2.038355E-01
1380   1.380000E+01   2.035752E-01
1381   1.381000E+01   2.033172E-01
1382   1.382000E+01   2.030510E-01
1383   1.383000E+01   2.027801E-01
1384   1.384000E+01   2.025143E-01
1385   1.385000E+01   2.022437E-01
1386   1.386000E+01   2.019846E-01
1387   1.387000E+01   2.017304E-01
1388   1.388000E+01   2.014852E-01
1389   1.389000E+01   2.012147E-01
1390   1.390000E+01   2.009511E-01
1391   1.391000E+01   2.006898E-01
1392   1.392000E+01   2.004108E-01
1393   1.393000E+01   2.001713E-01
1394   1.394000E+01   1.999255E-01
1395   1.395000E+01   1.996720E-01
1396   1.396000E+01   1.994102E-01
1397   1.397000E+01   1.991378E-01
1398   1.398000E+01   1.988894E-01
1399   1.399000E+01   1.986187E-01
1400   1.400000E+01   1.983675E-01
1401   1.401000E+01   1.981084E-01
1402   1.402000E+01   1.978468E-01
1403   1.403000E+01   1.975866E-01
1404   1.404000E+01   1.973249E-01
1405   1.405000E+01   1.970620E-01
1406   1.406000E+01   1.968138E-01
1407   1.407000E+01   1.965397E-01
1408   1.408000E+01   1.963009E-01
1409   1.409000E+01   1.960537E-01
1410   1.410000E+01   1.958151E-01
1411   1.411000E+01   1.955827E-01
1412   1.412000E+01   1.953399E-01
1413   1.413000E+01   1.951065E-01
1414   1.414000E+01   1.948531E-01
1415   1.415000E+01   1.946157E-01
1416   1.416000E+01   1.943713E-01
1417   1.417000E+01   1.941351E-01
1418   1.418000E+01   1.938764E-01
1419   1.419000E+01   1.936271E-01
1420   1.420000E+01   1.934023E-01
1421   1.421000E+01   1.931770E-01
1422   1.422000E+01   1.929300E-01
1423   1.423000E+01   1.926801E-01
1424   1.424000E+01   1.924452E-01
1425   1.425000E+01   1.922073E-01
1426   1.426000E+01   1.919740E-01
1427   1.427000E+01   1.917262E-01
1428   1.428000E+01   1.914889E-01
1429   1.429000E+01   1.912330E-01
1430   1.430000E+01   1.910160E-01
1431   1.431000E+01   1.907919E-01
1432   1.432000E+01   1.905625E-01
1433   1.433000E+01   1.903157E-01
1434   1.434000E+01   1.900911E-01
1435   1.435000E+01   1.898570E-01
1436   1.436000E+01   1.896277E-01
1437   1.437000E+01   1.893931E-01
1438   1.438000E+01   1.891438E-01
1439   1.439000E+01   1.889153E-01
1440   1.440000E+01   1.886850E-01
1441   1.441000E+01   1.884468E-01
1442   1.442000E+01   1.882235E-01
1443   1.443000E+01   1.879821E-01
1444   1.444000E+01   1.877538E-01
1445   1.445000E+01   1.875252E-01
1446   1.446000E+01   1.872805E-01
1447   1.447000E+01   1.870671E-01
1448   1.448000E+01   1.868529E-01
1449   1.449000E+01   1.866230E-01
1450   1.450000E+01   1.863939E-01
1451   1.451000E+01   1.861626E-01
1452   1.452000E+01   1.859282E-01
1453   1.453000E+01   1.857135E-01
1454   1.454000E+01   1.854863E-01
1455   1.455000E+01   1.852714E-01
1456   1.456000E+01   1.850648E-01
1457   1.457000E+01   1.848449E-01
1458   1.458000E+01   1.846108E-01
1459   1.459000E+01   1.843982E-01
1460   1.460000E+01   1.841884E-01
1461   1.461000E+01   1.839517E-01
1462   1.462000E+01   1.837401E-01
1463   1.463000E+01   1.835376E-01
1464   1.464000E+01   1.833174E-01
1465   1.465000E+01   1.831035E-01
1466   1.466000E+01   1.828939E-01
1467   1.467000E+01   1.826798E-01
1468   1.468000E+01   1.824747E-01
1469   1.469000E+01   1.822488E-01
1470   1.470000E+01   1.820462E-01
1471   1.471000E+01   1.818397E-01
1472   1.472000E+01   1.816301E-01
1473   1.473000E+01   1.814064E-01
1474   1.474000E+01   1.811853E-01
1475   1.475000E+01   1.809627E-01
1476   1.476000E+01   1.807444E-01
1477   1.477000E+01   1.805251E-01
1478   1.478000E+01   1.803295E-01
1479   1.479000E+01   1.801238E-01
1480   1.480000E+01   1.799040E-01
1481   1.481000E+01   1.796848E-01
1482   1.482000E+01   1.794564E-01
1483   1.483000E+01   1.792469E-01
1484   1.484000E+01   1.790498E-01
1485   1.485000E+01   1.788355E-01
1486   1.486000E+01   1.786300E-01
1487   1.487000E+01   1.784230E-01
1488   1.488000E+01   1.782189E-01
1489   1.489000E+01   1.780192E-01
1490   1.490000E+01   1.778091E-01
1491   1.491000E+01   1.776022E-01
1492   1.492000E+01   1.774080E-01
1493   1.493000E+01   1.771990E-01
1494   1.494000E+01   1.769847E-01
1495   1.495000E+01   1.767725E-01
1496   1.496000E+01   1.765698E-01
1497   1.497000E+01   1.763609E-01
1498   1.498000E+01   1.761588E-01
1499   1.499000E+01   1.759626E-01
1500   1.500000E+01   1.757552E-01
1501   1.501000E+01   1.755555E-01
1502   1.502000E+01   1.753591E-01
1503   1.503000E+01   1.751679E-01
1504   1.504000E+01   1.749840E-01
1505   1.505000E+01   1.747857E-01
1506   1.506000E+01   1.745934E-01
1507   1.507000E+01   1.744077E-01
1508   1.508000E+01   1.742270E-01
1509   1.509000E+01   1.740268E-01
1510   1.510000E+01   1.738265E-01
1511   1.511000E+01   1.736233E-01
1512   1.512000E+01   1.734194E-01
1513   1.513000E+01   1.732122E-01
1514   1.514000E+01   1.730254E-01
1515   1.515000E+01   1.728263E-01
1516   1.516000E+01   1.726305E-01
1517   1.517000E+01   1.724433E-01
1518   1.518000E+01   1.722555E-01
1519   1.519000E+01   1.720680E-01
1520   1.520000E+01   1.718555E-01
1521   1.521000E+01   1.716633E-01
1522   1.522000E+01   1.714760E-01
1523   1.523000E+01   1.712943E-01
1524   1.524000E+01   1.710959E-01
1525   1.525000E+01   1.709074E-01
1526   1.526000E+01   1.707223E-01
1527   1.527000E+01   1.705234E-01
1528   1.528000E+01   1.703349E-01
1529   1.529000E+01   1.701497E-01
1530   1.530000E+01   1.699635E-01
1531   1.531000E+01   1.697788E-01
1532   1.532000E+01   1.695946E-01
1533   1.533000E+01   1.694207E-01
1534   1.534000E+01   1.692232E-01
1535   1.535000E+01   1.690287E-01
1536   1.536000E+01   1.688342E-01
1537   1.537000E+01   1.686413E-01
1538   1.538000E+01   1.684562E-01
1539   1.539000E+01   1.682739E-01
1540   1.540000E+01   1.681009E-01
1541   1.541000E+01   1.679091E-01
1542   1.542000E+01   1.677297E-01
1543   1.543000E+01   1.675467E-01
1544   1.544000E+01   1.673563E-01
1545   1.545000E+01   1.671793E-01
1546   1.546000E+01   1.669917E-01
1547   1.547000E+01   1.668044E-01
1548   1.548000E+01   1.666239E-01
1549   1.549000E+01   1.664517E-01
1550   1.550000E+01   1.662768E-01
1551   1.551000E+01   1.660866E-01
1552   1.552000E+01   1.658985E-01
1553   1.553000E+01   1.657255E-01
1554   1.554000E+01   1.655338E-01
1555   1.555000E+01   1.653576E-01
1556   1.556000E+01   1.651906E-01
1557   1.557000E+01   1.650131E-01
1558   1.558000E+01   1.648363E-01
1559   1.559000E+01   1.646702E-01
1560   1.560000E+01   1.644956E-01
1561   1.561000E+01   1.643156E-01
1562   1.562000E+01   1.641472E-01
1563   1.563000E+01   1.639728E-01
1564   1.564000E+01   1.638003E-01
1565   1.565000E+01   1.636351E-01
1566   1.566000E+01   1.634631E-01
1567   1.567000E+01   1.632914E-01
1568   1.568000E+01   1.631122E-01
1569   1.569000E+01   1.629343E-01
1570   1.570000E+01   1.627564E-01
1571   1.571000E+01   1.625799E-01
1572   1.572000E+01   1.624054E-01
1573   1.573000E+01   1.622420E-01
1574   1.574000E+01   1.620617E-01
1575   1.575000E+01   1.618916E-01
1576   1.576000E+01   1.617124E-01
1577   1.577000E+01   1.615362E-01
1578   1.578000E+01   1.613652E-01
1579   1.579000E+01   1.612060E-01
1580   1.580000E+01   1.610421E-01
1581   1.581000E+01   1.608658E-01
1582   1.582000E+01   1.606988E-01
1583   1.583000E+01   1.605275E-01
1584   1.584000E+01   1.603580E-01
1585   1.585000E+01   1.601750E-01
1586   1.586000E+01   1.600143E-01
1587   1.587000E+01   1.598466E-01
1588   1.588000E+01   1.596888E-01
1589   1.589000E+01   1.595169E-01
1590   1.590000E+01   1.593657E-01
1591   1.591000E+01   1.592009E-01
1592   1.592000E+01   1.590291E-01
1593   1.593000E+01   1.588570E-01
1594   1.594000E+01   1.586890E-01
1595   1.595000E+01   1.585270E-01
1596   1.596000E+01   1.583548E-01
1597   1.597000E+01   1.581930E-01
1598   1.598000E+01   1.580324E-01
1599   1.599000E+01   1.578649E-01
1600   1.600000E+01   1.576930E-01
1601   1.601000E+01   1.575379E-01
1602   1.602000E+01   1.573894E-01
1603   1.603000E+01   1.572205E-01
1604   1.604000E+01   1.570658E-01
1605   1.605000E+01   1.569080E-01
1606   1.606000E+01   1.567420E-01
1607   1.607000E+01   1.565901E-01
1608   1.608000E+01   1.564361E-01
1609   1.609000E+01   1.562719E-01
1610   1.610000E+01   1.561164E-01
1611   1.611000E+01   1.559544E-01
1612   1.612000E+01   1.557917E-01
1613   1.613000E+01   1.556337E-01
1614   1.614000E+01   1.554681E-01
1615   1.615000E+01   1.553112E-01
1616   1.616000E+01   1.551642E-01
1617   1.617000E+01   1.550101E-01
1618   1.618000E+01   1.548534E-01
1619   1.619000E+01   1.546947E-01
1620   1.620000E+01   1.545316E-01
1621   1.621000E+01   1.543756E-01
1622   1.622000E+01   1.542120E-01
1623   1.623000E+01   1.540661E-01
1624   1.624000E+01   1.538876E-01
1625   1.625000E+01   1.537368E-01
1626   1.626000E+01   1.535874E-01
1627   1.627000E+01   1.534264E-01
1628   1.628000E+01   1.532685E-01
1629   1.629000E+01   1.531171E-01
1630   1.630000E+01   1.529642E-01
1631   1.631000E+01   1.528096E-01
1632   1.632000E+01   1.526477E-01
1633   1.633000E+01   1.524827E-01
1634   1.634000E+01   1.523350E-01
1635   1.635000E+01   1.521867E-01
1636   1.636000E+01   1.520411E-01
1637   1.637000E+01   1.518961E-01
1638   1.638000E+01   1.517484E-01
1639   1.639000E+01   1.516023E-01
1640   1.640000E+01   1.514463E-01
1641   1.641000E+01   1.512957E-01
1642   1.642000E+01   1.511488E-01
1643   1.643000E+01   1.509821E-01
1644   1.644000E+01   1.508270E-01
1645   1.645000E+01   1.506850E-01
1646   1.646000E+01   1.505314E-01
1647   1.647000E+01   1.503806E-01
1648   1.648000E+01   1.502357E-01
1649   1.649000E+01   1.500808E-01
1650   1.650000E+01   1.499267E-01
1651   1.651000E+01   1.497780E-01
1652   1.652000E+01   1.496312E-01
1653   1.653000E+01   1.494817E-01
1654   1.654000E+01   1.493282E-01
1655   1.655000E+01   1.491865E-01
1656   1.656000E+01   1.490276E-01
1657   1.657000E+01   1.488801E-01
1658   1.658000E+01   1.487335E-01
1659   1.659000E+01   1.485905E-01
1660   1.660000E+01   1.484574E-01
1661   1.661000E+01   1.483136E-01
1662   1.662000E+01   1.481670E-01
1663   1.663000E+01   1.480217E-01
1664   1.664000E+01   1.478798E-01
1665   1.665000E+01   1.477325E-01
1666   1.666000E+01   1.475883E-01
1667   1.667000E+01   1.474431E-01
1668   1.668000E+01   1.472961E-01
1669   1.669000E+01   1.471475E-01
1670   1.670000E+01   1.470164E-01
1671   1.671000E+01   1.468765E-01
1672   1.672000E+01   1.467333E-01
1673   1.673000E+01   1.465961E-01
1674   1.674000E+01   1.464509E-01
1675   1.675000E+01   1.463035E-01
1676   1.676000E+01   1.461601E-01
1677   1.677000E+01   1.460265E-01
1678   1.678000E+01   1.458822E-01
1679   1.679000E+01   1.457544E-01
1680   1.680000E+01   1.456109E-01
1681   1.681000E+01   1.454710E-01
1682   1.682000E+01   1.453251E-01
1683   1.683000E+01   1.451944E-01
1684   1.684000E+01   1.450595E-01
1685   1.685000E+01   1.449175E-01
1686   1.686000E+01   1.447731E-01
1687   1.687000E+01   1.446461E-01
1688   1.688000E+01   1.444973E-01
1689   1.689000E+01   1.443702E-01
1690   1.690000E+01   1.442186E-01
1691   1.691000E+01   1.440780E-01
1692   1.692000E+01   1.439450E-01
1693   1.693000E+01   1.438091E-01
1694   1.694000E+01   1.436788E-01
1695   1.695000E+01   1.435511E-01
1696   1.696000E+01   1.434088E-01
1697   1.697000E+01   1.432675E-01
1698   1.698000E+01   1.431399E-01
1699   1.699000E+01   1.430037E-01
1700   1.700000E+01   1.428684E-01
1701   1.701000E+01   1.427292E-01
1702   1.702000E+01   1.425930E-01
1703   1.703000E+01   1.424674E-01
1704   1.704000E+01   1.423374E-01
1705   1.705000E+01   1.421983E-01
1706   1.706000E+01   1.420605E-01
1707   1.707000E+01   1.419166E-01
1708   1.708000E+01   1.417889E-01
1709   1.709000E+01   1.416631E-01
1710   1.710000E+01   1.415261E-01
1711   1.711000E+01   1.413941E-01
1712   1.712000E+01   1.412709E-01
1713   1.713000E+01   1.411379E-01
1714   1.714000E+01   1.410046E-01
1715   1.715000E+01   1.408712E-01
1716   1.716000E+01   1.407406E-01
1717   1.717000E+01   1.406097E-01
1718   1.718000E+01   1.404777E-01
1719   1.719000E+01   1.403450E-01
1720   1.720000E+01   1.402159E-01
1721   1.721000E+01   1.400940E-01
1722   1.722000E+01   1.399658E-01
1723   1.723000E+01   1.398259E-01
1724   1.724000E+01   1.396921E-01
1725   1.725000E+01   1.395686E-01
1726   1.726000E+01   1.394397E-01
1727   1.727000E+01   1.393072E-01
1728   1.728000E+01   1.391792E-01
1729   1.729000E+01   1.390554E-01
1730   1.730000E+01   1.389211E-01
1731   1.731000E+01   1.387899E-01
1732   1.732000E+01   1.386583E-01
1733   1.733000E+01   1.385314E-01
1734   1.734000E+01   1.384036E-01
1735   1.735000E+01   1.382821E-01
1736   1.736000E+01   1.381599E-01
1737   1.737000E+01   1.380400E-01
1738   1.738000E+01   1.379144E-01
1739   1.739000E+01   1.377828E-01
1740   1.740000E+01   1.376527E-01
1741   1.741000E+01   1.375196E-01
1742   1.742000E+01   1.373894E-01
1743   1.743000E+01   1.372654E-01
1744   1.744000E+01   1.371452E-01
1745   1.745000E+01   1.370231E-01
1746   1.746000E+01   1.368990E-01
1747   1.747000E+01   1.367777E-01
1748   1.748000E+01   1.366517E-01
1749   1.749000E+01   1.365296E-01
1750   1.750000E+01   1.364077E-01
1751   1.751000E+01   1.362870E-01
1752   1.752000E+01   1.361636E-01
1753   1.753000E+01   1.360446E-01
1754   1.754000E+01   1.359141E-01
1755   1.755000E+01   1.357919E-01
1756   1.756000E+01   1.356694E-01
1757   1.757000E+01   1.355494E-01
1758   1.758000E+01   1.354311E-01
1759   1.759000E+01   1.353016E-01
1760   1.760000E+01   1.351707E-01
1761   1.761000E+01   1.350475E-01
1762   1.762000E+01   1.349273E-01
1763   1.763000E+01   1.348166E-01
1764   1.764000E+01   1.346926E-01
1765   1.765000E+01   1.345731E-01
1766   1.766000E+01   1.344593E-01
1767   1.767000E+01   1.343319E-01
1768   1.768000E+01   1.342123E-01
1769   1.769000E+01   1.340877E-01
1770   1.770000E+01   1.339671E-01
1771   1.771000E+01   1.338458E-01
1772   1.772000E+01   1.337224E-01
1773   1.773000E+01   1.336048E-01
1774   1.774000E+01   1.334881E-01
1775   1.775000E+01   1.333749E-01
1776   1.776000E+01   1.332526E-01
1777   1.777000E+01   1.331377E-01
1778   1.778000E+01   1.330202E-01
1779   1.779000E+01   1.329007E-01
1780   1.780000E+01   1.327711E-01
1781   1.781000E+01   1.326623E-01
1782   1.782000E+01   1.325422E-01
1783   1.783000E+01   1.324257E-01
1784   1.784000E+01   1.323176E-01
1785   1.785000E+01   1.321914E-01
1786   1.786000E+01   1.320874E-01
1787   1.787000E+01   1.319734E-01
1788   1.788000E+01   1.318622E-01
1789   1.789000E+01   1.317471E-01
1790   1.790000E+01   1.316289E-01
1791   1.791000E+01   1.315038E-01
1792   1.792000E+01   1.313883E-01
1793   1.793000E+01   1.312817E-01
1794   1.794000E+01   1.311720E-01
1795   1.795000E+01   1.310644E-01
1796   1.796000E+01   1.309475E-01
1797   1.797000E+01   1.308351E-01
1798   1.798000E+01   1.307184E-01
1799   1.799000E+01   1.305978E-01
1800   1.800000E+01   1.304867E-01
1801   1.801000E+01   1.303786E-01
1802   1.802000E+01   1.302668E-01
1803   1.803000E+01   1.301532E-01
1804   1.804000E+01   1.300343E-01
1805   1.805000E+01   1.299217E-01
1806   1.806000E+01   1.298076E-01
1807   1.807000E+01   1.297017E-01
1808   1.808000E+01   1.295858E-01
1809   1.809000E+01   1.294783E-01
1810   1.810000E+01   1.293680E-01
1811   1.811000E+01   1.292546E-01
1812   1.812000E+01   1.291410E-01
1813   1.813000E+01   1.290292E-01
1814   1.814000E+01   1.289213E-01
1815   1.815000E+01   1.288047E-01
1816   1.816000E+01   1.286963E-01
1817   1.817000E+01   1.285804E-01
1818   1.818000E+01   1.284733E-01
1819   1.819000E+01   1.283631E-01
1820   1.820000E+01   1.282567E-01
1821   1.821000E+01   1.281509E-01
1822   1.822000E+01   1.280336E-01
1823   1.823000E+01   1.279291E-01
1824   1.824000E+01   1.278222E-01
1825   1.825000E+01   1.277104E-01
1826   1.826000E+01   1.276077E-01
1827   1.827000E+01   1.275029E-01
1828   1.828000E+01   1.273873E-01
1829   1.829000E+01   1.272820E-01
1830   1.830000E+01   1.271760E-01
1831   1.831000E+01   1.270707E-01
1832   1.832000E+01   1.269702E-01
1833   1.833000E+01   1.268572E-01
1834   1.834000E+01   1.267502E-01
1835   1.835000E+01   1.266571E-01
1836   1.836000E+01   1.265442E-01
1837   1.837000E+01   1.264428E-01
1838   1.838000E+01   1.263334E-01
1839   1.839000E+01   1.262191E-01
1840   1.840000E+01   1.261077E-01
1841   1.841000E+01   1.260102E-01
1842   1.842000E+01   1.259108E-01
1843   1.843000E+01   1.258140E-01
1844   1.844000E+01   1.257106E-01
1845   1.845000E+01   1.256094E-01
1846   1.846000E+01   1.255038E-01
1847   1.847000E+01   1.253945E-01
1848   1.848000E+01   1.252821E-01
1849   1.849000E+01   1.251727E-01
1850   1.850000E+01   1.250655E-01
1851   1.851000E+01   1.249656E-01
1852   1.852000E+01   1.248703E-01
1853   1.853000E+01   1.247706E-01
1854   1.854000E+01   1.246558E-01
1855   1.855000E+01   1.245496E-01
1856   1.856000E+01   1.244456E-01
1857   1.857000E+01   1.243449E-01
1858   1.858000E+01   1.242393E-01
1859   1.859000E+01   1.241324E-01
1860   1.860000E+01   1.240360E-01
1861   1.861000E+01   1.239270E-01
1862   1.862000E+01   1.238239E-01
1863   1.863000E+01   1.237192E-01
1864   1.864000E+01   1.236178E-01
1865   1.865000E+01   1.235117E-01
1866   1.866000E+01   1.234095E-01
1867   1.867000E+01   1.233113E-01
1868   1.868000E+01   1.232122E-01
1869   1.869000E+01   1.231144E-01
1870   1.870000E+01   1.230113E-01
1871   1.871000E+01   1.229044E-01
1872   1.872000E+01   1.228006E-01
1873   1.873000E+01   1.227069E-01
1874   1.874000E+01   1.226016E-01
1875   1.875000E+01   1.225039E-01
1876   1.876000E+01   1.224049E-01
1877   1.877000E+01   1.223035E-01
1878   1.878000E+01   1.222014E-01
1879   1.879000E+01   1.221020E-01
1880   1.880000E+01   1.220021E-01
1881   1.881000E+01   1.219073E-01
1882   1.882000E+01   1.218104E-01
1883   1.883000E+01   1.217148E-01
1884   1.884000E+01   1.216194E-01
1885   1.885000E+01   1.215163E-01
1886   1.886000E+01   1.214156E-01
1887   1.887000E+01   1.213144E-01
1888   1.888000E+01   1.212187E-01
1889   1.889000E+01   1.211281E-01
1890   1.890000E+01   1.210323E-01
1891   1.891000E+01   1.209360E-01
1892   1.892000E+01   1.208350E-01
1893   1.893000E+01   1.207396E-01
1894   1.894000E+01   1.206533E-01
1895   1.895000E+01   1.205575E-01
1896   1.896000E+01   1.204539E-01
1897   1.897000E+01   1.203592E-01
1898   1.898000E+01   1.202591E-01
1899   1.899000E+01   1.201598E-01
1900   1.900000E+01   1.200657E-01
1901   1.901000E+01   1.199617E-01
1902   1.902000E+01   1.198625E-01
1903   1.903000E+01   1.197666E-01
1904   1.904000E+01   1.196698E-01
1905   1.905000E+01   1.195691E-01
1906   1.906000E+01   1.194777E-01
1907   1.907000E+01   1.193831E-01
1908   1.908000E+01   1.192936E-01
1909   1.909000E+01   1.191934E-01
1910   1.910000E+01   1.190953E-01
1911   1.911000E+01   1.189980E-01
1912   1.912000E+01   1.189022E-01
1913   1.913000E+01   1.188059E-01
1914   1.914000E+01   1.187138E-01
1915   1.915000E+01   1.186224E-01
1916   1.916000E+01   1.185351E-01
1917   1.917000E+01   1.184388E-01
1918   1.918000E+01   1.183496E-01
1919   1.919000E+01   1.182575E-01
1920   1.920000E+01   1.181657E-01
1921   1.921000E+01   1.180764E-01
1922   1.922000E+01   1.179883E-01
1923   1.923000E+01   1.178915E-01
1924   1.924000E+01   1.178003E-01
1925   1.925000E+01   1.177109E-01
1926   1.926000E+01   1.176228E-01
1927   1.927000E+01   1.175307E-01
1928   1.928000E+01   1.174422E-01
1929   1.929000E+01   1.173509E-01
1930   1.930000E+01   1.172512E-01
1931   1.931000E+01   1.171542E-01
1932   1.932000E+01   1.170649E-01
1933   1.933000E+01   1.169694E-01
1934   1.934000E+01   1.168809E-01
1935   1.935000E+01   1.167879E-01
1936   1.936000E+01   1.166968E-01
1937   1.937000E+01   1.166061E-01
1938   1.938000E+01   1.165191E-01
1939   1.939000E+01   1.164289E-01
1940   1.940000E+01   1.163393E-01
1941   1.941000E+01   1.162483E-01
1942   1.942000E+01   1.161576E-01
1943   1.943000E+01   1.160694E-01
1944   1.944000E+01   1.159917E-01
1945   1.945000E+01   1.159030E-01
1946   1.946000E+01   1.158127E-01
1947   1.947000E+01   1.157215E-01
1948   1.948000E+01   1.156354E-01
1949   1.949000E+01   1.155505E-01
1950   1.950000E+01   1.154663E-01
1951   1.951000E+01   1.153707E-01
1952   1.952000E+01   1.152741E-01
1953   1.953000E+01   1.151868E-01
1954   1.954000E+01   1.151026E-01
1955   1.955000E+01   1.150161E-01
1956   1.956000E+01   1.149238E-01
1957   1.957000E+01   1.148411E-01
1958   1.958000E+01   1.147599E-01
1959   1.959000E+01   1.146697E-01
1960   1.960000E+01   1.145882E-01
1961   1.961000E+01   1.145095E-01
1962   1.962000E+01   1.144182E-01
1963   1.963000E+01   1.143271E-01
1964   1.964000E+01   1.142410E-01
1965   1.965000E+01   1.141519E-01
1966   1.966000E+01   1.140648E-01
1967   1.967000E+01   1.139734E-01
1968   1.968000E+01   1.138830E-01
1969   1.969000E+01   1.138027E-01
1970   1.970000E+01   1.137138E-01
1971   1.971000E+01   1.136321E-01
1972   1.972000E+01   1.135515E-01
1973   1.973000E+01   1.134648E-01
1974   1.974000E+01   1.133834E-01
1975   1.975000E+01   1.133025E-01
1976   1.976000E+01   1.132094E-01
1977   1.977000E+01   1.131207E-01
1978   1.978000E+01   1.130357E-01
1979   1.979000E+01   1.129443E-01
1980   1.980000E+01   1.128606E-01
1981   1.981000E+01   1.127755E-01
1982   1.982000E+01   1.126928E-01
1983   1.983000E+01   1.126087E-01
1984   1.984000E+01   1.125234E-01
1985   1.985000E+01   1.124461E-01
1986   1.986000E+01   1.123591E-01
1987   1.987000E+01   1.122713E-01
1988   1.988000E+01   1.121893E-01
1989   1.989000E+01   1.121097E-01
1990   1.990000E+01   1.120262E-01
1991   1.991000E+01   1.119443E-01
1992   1.992000E+01   1.118551E-01
1993   1.993000E+01   1.117692E-01
1994   1.994000E+01   1.116820E-01
1995   1.995000E+01   1.115994E-01
1996   1.996000E+01   1.115219E-01
1997   1.997000E+01   1.114372E-01
1998   1.998000E+01   1.113623E-01
1999   1.999000E+01   1.112764E-01
2000   2.000000E+01   1.111974E-01
